60 193
73
34 6 26 29
13 3 47 22
13 5 0 0
10 12 34 5
10 12 28 107
6 7 52 169
6 15 41 73
25 7 21 181
25 15 16 159
21 12 6 35
16 7 44 44
16 5 5 25
21 3 0 153
21 5 0 8
5 7 27 22
5 5 40 0
4 1 2 22
4 10 50 10
6 13 21 8
12 13 14 51
12 9 0 51
23 6 21 101
7 3 13 0
7 5 0 176
2 1 0 35
2 10 0 88
6 6 47 53
6 5 0 188
14 7 0 159
14 6 24 143
16 3 18 137
16 5 44 5
14 6 26 53
14 5 46 0
14 13 41 88
3 2 2 29
3 7 0 36
11 2 10 20
11 7 10 118
6 7 20 1
6 6 41 53
33 14 27 59
12 4 19 149
12 3 15 140
16 18 0 98
12 3 12 156
12 18 0 134
4 4 50 40
4 3 56 76
3 1 57 51
3 2 47 118
6 9 54 10
6 9 54 35
6 1 44 10
6 2 46 116
5 7 55 52
5 18 41 107
3 9 41 146
3 9 38 35
9 18 7 175
6 5 52 188
6 2 38 179
2 12 58 155
2 9 58 167
8 3 16 176
8 9 7 166
10 9 0 125
3 5 35 188
3 2 55 137
3 18 31 119
3 7 0 181
2 3 58 73
2 9 58 184
----------